cam_model: Pinhole
cam_width: 1280
cam_height: 720
scale: 1
cam_fx: 631.1903076171875
cam_fy: 630.41162109375
cam_cx: 628.8812255859375
cam_cy: 371.5096435546875
cam_d0: -0.055450838059186935
cam_d1: 0.06841126084327698
cam_d2: -3.5516146454028785e-05
cam_d3: -0.00010084670066135004

